-4.52445326886134	-3.04523236366202
-1.51215191489941	52.2016580251653
-0.486594196442568	102.217532734993
-2.59095002879889	153.777990711515
2.15045013296177	200.824329644874
3.56182292006288	245.706843353867
-2.18492304881447	304.227445701891
2.31050829723741	353.003720923511
-3.62237107480484	397.859468564204
3.36722781749717	450.436632328414
-3.61398284257640	504.847762369706
0.882093853894936	552.156780671266
-1.33843199545062	603.389695973300
3.06759544661106	649.332605610079
150.037807857762	-0.293752843934593
149.895943387234	50.6071341104456
153.770487233850	97.6909154353100
148.531418129390	152.490184676419
149.494435565717	200.038877734605
154.635302868434	251.468096662728
145.422977979145	298.077455820309
154.729583341406	346.387246360781
146.892068431224	399.755729337976
151.671203000401	448.624592808187
150.864396146789	502.881134283986
151.751124164051	552.802958208441
148.610220491947	601.685122142535
151.202784270711	646.335038596613
303.111508851003	-4.78444112796503
295.192574774141	50.5984070587251
295.838735082829	98.0081901806949
304.748016671849	154.394097138735
301.513495324154	204.809036360469
297.312378161644	247.866203888943
299.034911431246	303.008202869515
296.220205182521	353.961113514326
297.684388213973	400.975265768178
297.578461701126	453.840167357238
298.316652387426	504.437315411958
296.522340128630	550.491580874199
298.480076597161	602.283868245944
296.216584543077	650.767582978580
453.841530577497	-4.74142528916860
445.942783900642	49.4653097828481
454.300406261075	101.463019573507
448.990199690346	150.212029526724
445.474014620292	198.723126607795
448.423735031607	254.371346663416
452.359661588802	303.295328245265
452.946821573338	353.490854799545
450.449058982447	398.725342398995
451.862234629840	450.931845752185
453.936326959336	503.725525646476
445.547917899197	554.335016085071
448.036613797170	601.684642743614
445.461915563316	647.067764579351