26.5385059206259	27.1379558323313
70.7205155122065	28.8440504527600
124.067269150894	27.2085567081693
176.669315332075	20.1861277472639
229.337256595459	26.7477646712829
278.109500322383	24.3850882423651
324.845482718350	24.3782017916627
377.567492100655	21.1703681950566
424.170474537428	28.1468168951858
29.7178599298929	173.248554386305
79.8797470123083	172.462281142346
128.641475290312	173.427132211233
173.888837759124	173.756921400096
224.547418280391	175.465537930830
272.466871976381	175.619201542660
327.844230930242	173.958222286240
378.828376055831	173.981308795313
429.137116812930	175.153672192116
25.5828492362228	326.575305420959
75.9886810274621	329.509151982650
121.488767203375	327.223485143275
178.997134845357	324.000797453623
224.503935806521	328.318713393298
272.056723394640	321.343383417287
328.996509905091	320.604667719398
377.625855393732	320.842470523147
428.824863074003	321.638983183297
22.8495021802482	473.242199202940
76.7322598645226	473.017267772046
126.642799044181	470.116809911303
171.228149938995	475.399050938496
224.073184230568	470.953726926278
272.752869513157	471.465148564422
327.166697406391	476.311412070150
372.833843816289	478.593204114288
428.961988568495	479.742216312387
28.2657889231356	625.708384274722
73.9002651281400	629.968502145750
124.979029429642	625.535415734955
176.948051926725	625.154584548403
228.343690010999	623.306820659903
276.096296896757	624.300017983934
325.747371608564	624.918062536038
373.260421709228	620.710370839130
424.564246008517	628.877392155327